Username,Password,Email,,,
Admin1, Password, email@email.com,,,


